-8.401880e-01 9.116470e-01 0.000000e+00 0.000000e+00 0.000000e+00 0.000000e+00 0.000000e+00 0.000000e+00 0.000000e+00 0.000000e+00 0.000000e+00 0.000000e+00 0.000000e+00 0.000000e+00 0.000000e+00 0.000000e+00 
0.000000e+00 -1.751835e+00 7.984400e-01 0.000000e+00 0.000000e+00 0.000000e+00 0.000000e+00 0.000000e+00 0.000000e+00 0.000000e+00 0.000000e+00 0.000000e+00 0.000000e+00 0.000000e+00 0.000000e+00 0.000000e+00 
0.000000e+00 0.000000e+00 -1.638628e+00 9.116470e-01 7.830990e-01 0.000000e+00 0.000000e+00 0.000000e+00 0.000000e+00 0.000000e+00 0.000000e+00 0.000000e+00 0.000000e+00 0.000000e+00 0.000000e+00 0.000000e+00 
0.000000e+00 0.000000e+00 0.000000e+00 -1.751835e+00 0.000000e+00 7.830990e-01 0.000000e+00 0.000000e+00 0.000000e+00 0.000000e+00 0.000000e+00 0.000000e+00 0.000000e+00 0.000000e+00 0.000000e+00 0.000000e+00 
0.000000e+00 0.000000e+00 0.000000e+00 0.000000e+00 -1.623287e+00 9.116470e-01 0.000000e+00 0.000000e+00 3.943830e-01 0.000000e+00 0.000000e+00 0.000000e+00 0.000000e+00 0.000000e+00 0.000000e+00 0.000000e+00 
0.000000e+00 0.000000e+00 0.000000e+00 0.000000e+00 0.000000e+00 -2.534934e+00 7.984400e-01 0.000000e+00 0.000000e+00 3.943830e-01 0.000000e+00 0.000000e+00 0.000000e+00 0.000000e+00 0.000000e+00 0.000000e+00 
0.000000e+00 0.000000e+00 0.000000e+00 0.000000e+00 0.000000e+00 0.000000e+00 -1.638628e+00 9.116470e-01 0.000000e+00 0.000000e+00 3.943830e-01 0.000000e+00 0.000000e+00 0.000000e+00 0.000000e+00 0.000000e+00 
0.000000e+00 0.000000e+00 0.000000e+00 0.000000e+00 0.000000e+00 0.000000e+00 0.000000e+00 -1.751835e+00 0.000000e+00 0.000000e+00 0.000000e+00 3.943830e-01 0.000000e+00 0.000000e+00 0.000000e+00 0.000000e+00 
8.401880e-01 0.000000e+00 0.000000e+00 0.000000e+00 0.000000e+00 0.000000e+00 0.000000e+00 0.000000e+00 -3.943830e-01 9.116470e-01 0.000000e+00 0.000000e+00 0.000000e+00 0.000000e+00 0.000000e+00 0.000000e+00 
0.000000e+00 8.401880e-01 0.000000e+00 0.000000e+00 0.000000e+00 0.000000e+00 0.000000e+00 0.000000e+00 0.000000e+00 -1.306030e+00 7.984400e-01 0.000000e+00 0.000000e+00 0.000000e+00 0.000000e+00 0.000000e+00 
0.000000e+00 0.000000e+00 8.401880e-01 0.000000e+00 0.000000e+00 0.000000e+00 0.000000e+00 0.000000e+00 0.000000e+00 0.000000e+00 -1.192823e+00 9.116470e-01 7.830990e-01 0.000000e+00 0.000000e+00 0.000000e+00 
0.000000e+00 0.000000e+00 0.000000e+00 8.401880e-01 0.000000e+00 0.000000e+00 0.000000e+00 0.000000e+00 0.000000e+00 0.000000e+00 0.000000e+00 -1.306030e+00 0.000000e+00 7.830990e-01 0.000000e+00 0.000000e+00 
0.000000e+00 0.000000e+00 0.000000e+00 0.000000e+00 8.401880e-01 0.000000e+00 0.000000e+00 0.000000e+00 0.000000e+00 0.000000e+00 0.000000e+00 0.000000e+00 -7.830990e-01 9.116470e-01 0.000000e+00 0.000000e+00 
0.000000e+00 0.000000e+00 0.000000e+00 0.000000e+00 0.000000e+00 8.401880e-01 0.000000e+00 0.000000e+00 0.000000e+00 0.000000e+00 0.000000e+00 0.000000e+00 0.000000e+00 -1.694746e+00 7.984400e-01 0.000000e+00 
0.000000e+00 0.000000e+00 0.000000e+00 0.000000e+00 0.000000e+00 0.000000e+00 8.401880e-01 0.000000e+00 0.000000e+00 0.000000e+00 0.000000e+00 0.000000e+00 0.000000e+00 0.000000e+00 -7.984400e-01 9.116470e-01 
0.000000e+00 0.000000e+00 0.000000e+00 0.000000e+00 0.000000e+00 0.000000e+00 0.000000e+00 8.401880e-01 0.000000e+00 0.000000e+00 0.000000e+00 0.000000e+00 0.000000e+00 0.000000e+00 0.000000e+00 -9.116470e-01 

0.000000e+00 0.000000e+00 0.000000e+00 0.000000e+00 0.000000e+00 0.000000e+00 0.000000e+00 0.000000e+00 0.000000e+00 8.401880e-01 8.401880e-01 8.401880e-01 8.401880e-01 8.401880e-01 8.401880e-01 8.401880e-01 8.401880e-01 
0.000000e+00 -8.401880e-01 -1.751835e+00 -1.638628e+00 -1.751835e+00 -1.623287e+00 -2.534934e+00 -1.638628e+00 -1.751835e+00 -3.943830e-01 -1.306030e+00 -1.192823e+00 -1.306030e+00 -7.830990e-01 -1.694746e+00 -7.984400e-01 -9.116470e-01 
1.000000e+00 9.116470e-01 7.984400e-01 9.116470e-01 0.000000e+00 9.116470e-01 7.984400e-01 9.116470e-01 0.000000e+00 9.116470e-01 7.984400e-01 9.116470e-01 0.000000e+00 9.116470e-01 7.984400e-01 9.116470e-01 0.000000e+00 
2.000000e+00 0.000000e+00 0.000000e+00 7.830990e-01 7.830990e-01 0.000000e+00 0.000000e+00 0.000000e+00 0.000000e+00 0.000000e+00 0.000000e+00 7.830990e-01 7.830990e-01 0.000000e+00 0.000000e+00 0.000000e+00 0.000000e+00 
4.000000e+00 0.000000e+00 0.000000e+00 0.000000e+00 0.000000e+00 3.943830e-01 3.943830e-01 3.943830e-01 3.943830e-01 0.000000e+00 0.000000e+00 0.000000e+00 0.000000e+00 0.000000e+00 0.000000e+00 0.000000e+00 0.000000e+00 
